0.00821389 0.676037
0.0117538 0.869246
0.0109915 0.57296
0.0108095 0.858637
0.0119196 0.93092
0.0115174 0.793715
0.0111279 0.57296
0.0119207 0.419644
0.0124058 0.57296
0.0120157 0.477838
0.0112926 0.217095
0.0117336 0.831811
0.0126184 1.00072
0.0131532 0.644823
0.0143451 0.686811
0.0134164 0.660338
0.0119098 0.691397
0.0117899 0.57296
0.0119022 0.540409
0.012818 0.829854
0.0126948 0.610915
0.0117642 0.78564
0.0120372 0.57296
0.0123771 0.57296
0.01239 0.57296
0.0129307 0.694219
0.0137321 0.985459
0.0144088 0.50493
0.0147085 1.06067
0.0151968 0.379273
0.0153334 0.438648
0.0166809 1.02055
0.0161314 0.57296
0.0170285 0.57296
0.0197057 0.692556
0.018174 0.436217
0.0179937 0.57296
0.0181162 0.57296
0.0183332 0.628626
0.0181868 0.57296
0.0189508 0.57296
0.0219746 0.925071
0.0199032 0.781006
0.0206393 0.57296
0.0205871 0.819117
0.020051 0.784456
0.0204324 0.57296
0.0231247 0.389541
0.0249414 0.57296
0.0132388 0.849293
0.0111361 0.595044
0.0147726 0.679187
0.0147472 1.06949
0.0159574 0.179876
0.0174559 0.57296
0.0200886 0.544199
0.0196942 0.57296
0.0201788 0.57296
0.0199519 0.907784
0.0191163 0.728472
0.0181758 0.141176
0.0173623 0.481593
0.0172618 0.340809
0.0229856 0.829867
0.0270839 1.09933
0.0224327 1.15737
0.0230876 0.832953
0.0221724 1.22637
0.0212328 0.999325
0.0220463 0.739997
0.0240224 0.57296
0.0268055 0.760138
0.0337507 0.966678
0.0330733 0.716228
0.0340068 0.788003
0.0326216 0.943232
0.0302331 0.57296
0.031051 1.14794
0.0349314 1.18946
0.0401212 0.54347
0.0402297 0.890828
0.0391293 0.57296
0.0372255 1.23537
0.0417351 0.771101
0.0379578 0.380032
0.0418956 1.07026
0.0432853 1.06565
0.0481916 0.838327
0.0449518 0.920043
0.0494484 1.02592
0.0490325 1.47337
0.0570618 1.14943
0.0591413 1.23834
0.0617923 1.4528
0.063676 1.32487
0.0658993 1.16154
0.0676682 0.956061
0.0653787 1.11651
0.0713996 0.64888
0.0381186 0.783106
0.0374275 0.854275
0.036727 0.300036
0.0392065 1.3398
0.0376293 0.676804
0.0381239 0.969984
0.0393259 0.95223
0.0392351 1.01144
0.039694 0.885057
0.0419246 0.928808
0.0389663 1.46694
0.0442057 0.454959
0.0422882 0.643213
0.0403632 1.36331
0.0418497 0.838544
0.041232 0.657289
0.0414984 0.61942
0.0398063 0.480564
0.0381846 1.23804
0.0392575 0.675638
0.0377406 0.95133
0.036225 0.877624
0.0382087 0.803188
0.0392201 0.672769
0.040976 0.737638
0.0404363 1.19314
0.0379716 1.14067
0.039771 1.37539
0.0381279 0.662498
0.0375075 0.470438
0.0382757 1.27485
0.036416 1.13166
0.0352686 0.382341
0.0371581 0.663291
0.0364284 0.940423
0.0355316 0.976134
0.0360965 0.907064
0.0346486 0.57296
0.0344272 0.835793
0.0358178 0.859578
0.0344062 1.23054
0.0329472 1.24989
0.0331587 0.726817
0.0313013 1.44813
0.0292169 0.759696
0.0324312 1.06331
0.0305057 1.23331
0.0300241 1.21358
0.0347033 1.09025
0.0426867 0.692809
0.0178262 1.05158
0.0202364 0.569095
0.0189805 0.646813
0.0171938 0.184709
0.0149477 0.147091
0.0141715 1.06345
0.0153441 1.18808
0.0140251 1.04432
0.0134947 1.22188
0.0125136 0.525008
0.0105595 0.57296
0.0103213 0.641638
0.00725841 0.937758
0.0136361 1.02414
0.0167454 1.03453
0.0185551 0.57296
0.0196919 1.15912
0.0150627 0.594625
0.0186603 0.57296
0.0223139 0.926544
0.0174212 0.57296
0.0146659 1.35012
0.0217158 1.06012
0.0207806 1.06411
0.0247448 1.14757
0.029097 1.05376
0.0305021 1.03908
0.0270848 1.32834
0.0299622 1.04098
0.0290516 1.41124
0.0270194 1.38837
0.0280331 1.51834
0.029427 1.2926
0.032283 0.853871
0.0321323 1.20438
0.027659 0.99529
0.0332783 1.14363
0.0334119 1.28255
0.0297872 1.06748
0.02836 0.884663
0.028097 1.4975
0.0296043 1.29929
0.0333036 1.45024
0.0356039 1.82079
0.0439176 1.57686
0.0318271 1.50185
0.0349682 1.98953
0.0428258 1.82488
0.0404565 1.99709
0.0416672 1.33614
0.0145079 0.57296
0.01571 0.750741
0.0159438 0.803015
0.0169724 1.45339
0.016427 0.711168
0.0154575 0.0667651
0.0127465 0.686456
0.0112139 0.57296
0.0129047 0.403819
0.00891041 0.146065
0.00980605 0.936085
0.00995291 1.04238
0.00921419 1.33706
0.0164049 1.29671
0.0231766 0.430932
0.0175429 0.50454
0.0152159 0.312329
0.0195707 1.34708
0.0211011 1.04752
0.0179066 1.38544
0.0197027 1.10152
0.0153685 0.970751
0.0133127 0.814194
0.0175959 1.08823
0.0224406 0.838029
0.0204038 0.57296
0.0193304 0.779212
0.0188371 0.723056
0.0182807 1.07195
0.0192854 1.20554
0.0190771 0.615672
0.0182458 0.463029
0.0179136 0.26185
0.0204851 1.07353
0.0176993 0.635384
0.0216012 1.48806
0.0218327 1.09285
0.0236391 0.981727
0.0190655 1.12373
0.015733 0.927776
0.0182311 0.812737
0.0185595 1.17746
0.0208782 1.40911
0.021799 1.4752
0.0223747 1.12458
0.0238129 0.654868
0.0256861 1.27153
0.0252496 0.786842
0.0235095 1.04098
0.0232739 1.09121
0.00676038 0.57296
0.00643084 1.09825
0.00421561 0.57296
0.00759511 0.706694
0.0115682 0.57296
0.0114984 0.6339
0.00929176 0.57296
0.00912964 0.57296
0.0116524 0.57296
0.0101009 1.20458
0.00903128 0.57296
0.0111275 0.851183
0.0129743 0.57296
0.00880087 1.09843
0.0076009 0.732771
0.00927897 0.57296
0.0136452 0.57296
0.011849 0.57296
0.0103278 0.57296
0.0122189 0.756077
0.0114071 0.639594
0.00902557 0.57296
0.0106407 0.57296
0.0106994 0.144368
0.0112521 0.929882
0.0125786 0.669328
0.0124189 0.516086
0.0115189 0.866898
0.0129334 0.508609
0.012188 0.57296
0.012983 0.75472
0.0141817 0.57296
0.0129574 0.884013
0.0121287 0.57296
0.0147381 0.698849
0.0132182 0.750311
0.0140748 0.90809
0.0148455 0.999027
0.0150787 0.57296
0.0163741 0.959476
0.0156816 0.705644
0.0158167 0.825687
0.0169467 0.478277
0.0167021 0.57296
0.0179711 0.57296
0.017225 0.57296
0.0164765 0.57296
0.0172031 0.36174
0.0169398 0.712127
0.017051 1.12144
0.0191348 1.12826
0.0180088 0.218071
0.0209444 0.783912
0.0196678 0.57296
0.0181999 0.94372
0.0224521 1.24317
0.0256271 1.01074
0.0241401 1.3901
0.0260242 1.20483
0.0252069 0.770334
0.0242204 1.27809
0.0250028 0.538345
0.0248654 0.999159
0.0231883 1.01311
0.0240925 1.21538
0.025415 1.06794
0.0257917 0.790691
0.0255134 0.57296
0.0245317 1.05232
0.0257696 0.629617
0.0272812 0.919835
0.0264475 1.38562
0.027256 1.17133
0.0277426 0.57296
0.0270991 1.21285
0.0295608 0.973214
0.027846 1.40024
0.028385 1.08045
0.0295551 1.1117
0.0295529 1.10264
0.0305895 0.508979
0.0316017 0.57296
0.0318493 0.702252
0.0323371 0.925847
0.0309671 1.37903
0.0325694 1.38172
0.0332512 1.40515
0.0346053 1.05779
0.0329258 0.822228
0.0338671 0.933904
0.0358977 1.53621
0.0350844 1.12812
0.0339854 0.989143
0.0348536 1.1073
0.0342845 1.20466
0.0348582 0.974572
0.0346461 1.39962
0.0356449 0.753951
0.0366129 1.18271
0.037014 0.0917967
0.0152394 0.57296
0.0157431 0.877308
0.0162923 0.793751
0.0150249 0.57296
0.0152593 0.57296
0.0160353 0.57296
0.0156065 1.18706
0.0158638 1.18488
0.0168461 0.303781
0.015616 0.576858
0.0143043 0.319366
0.0164303 0.746735
0.0147644 0.699838
0.0161201 1.00018
0.015192 0.57296
0.0159509 0.859527
0.014257 0.57296
0.0136973 0.57296
0.0147713 0.57296
0.0142799 0.872312
0.0166849 0.175215
0.0169446 0.57296
0.0141225 0.57296
0.0162461 1.06679
0.01444 0.89229
0.0149622 0.714632
0.0156824 0.733297
0.0156667 0.57296
0.0154502 1.20765
0.0164867 1.00853
0.0159783 0.819226
0.0176251 0.57296
0.0168861 0.753015
0.0168831 0.143399
0.0180512 0.701188
0.0179355 0.897766
0.0168298 1.10727
0.0189881 0.619328
0.0192042 0.57296
0.0178288 0.965657
0.019802 0.662694
0.0200917 0.988005
0.0194931 1.20352
0.0191921 0.59523
0.0213322 0.977029
0.0208695 0.784498
0.0238735 1.30681
0.0229235 0.641407
0.0219229 0.421582
0.0242275 0.883848
0.00447581 0.66936
0.00762128 0.690503
0.00389825 0.690262
0.0100725 0.94482
0.00679866 0.57296
0.00741632 1.0098
0.00682711 0.662981
0.00847257 0.962858
0.00807715 0.623628
0.00767336 0.57296
0.0111865 0.57296
0.0104288 0.772468
0.0119194 0.73338
0.0126918 0.637165
0.0115131 0.354343
0.0108104 0.776539
0.0131723 0.646642
0.012807 0.38054
0.012063 0.273266
0.0135028 0.876051
0.0133935 0.670283
0.0126375 0.486029
0.0152392 0.57296
0.0144664 0.57296
0.0127942 1.05812
0.0158437 0.891411
0.0149453 1.0814
0.0150648 0.7587
0.0172804 0.57296
0.0169509 0.748068
0.0167586 0.57296
0.0187255 0.57296
0.0180525 0.57296
0.0198654 1.00582
0.0195153 0.57296
0.0186838 0.667682
0.0203083 0.450768
0.0200794 0.843619
0.0191617 0.627579
0.0211463 0.443027
0.0211239 0.831836
0.0215042 0.536349
0.0224807 1.1589
0.0232201 0.973393
0.0223458 0.741627
0.022102 0.336981
0.0217367 0.785581
0.0230825 0.824804
0.0229901 0.469462
0.0246385 0.57296
0.00555935 1.04529
0.00684095 0.623522
0.00799226 0.236764
0.00510887 0.78425
0.00524781 0.57296
0.00611684 0.525476
0.00572563 0.57296
0.00466102 0.49807
0.00658629 0.57296
0.00577819 0.457587
0.00555963 0.511133
0.00681349 0.57296
0.00668549 0.57296
0.00647401 0.57296
0.00895684 0.57296
0.00730154 0.804599
0.00989297 0.57296
0.00930952 0.495262
0.00834824 0.57296
0.0106839 0.57296
0.00924165 0.57296
0.0118017 0.57296
0.00987439 0.57296
0.00984404 0.568491
0.0114143 0.600318
0.0113735 0.57296
0.013937 0.57296
0.0139597 0.57296
0.0136761 0.845287
0.0180066 0.857608
0.0149217 0.520343
0.0139697 0.590474
0.0159955 0.57296
0.0155872 0.778089
0.0148857 1.02283
0.0170155 0.57296
0.0162048 0.57296
0.0158288 0.57296
0.018588 0.227437
0.0171696 1.14926
0.0171137 0.57296
0.0149461 0.194019
0.015412 0.57296
0.015955 0.958056
0.0158585 0.57296
0.0163038 0.262932
0.0171017 0.933061
0.0148874 0.57296
0.0166444 1.0746
0.0161795 0.679916
0.00798998 0.920813
0.007481 0.57296
0.00777415 0.667894
0.00856938 0.57296
0.0105863 0.57296
0.015109 0.984685
0.0133848 0.872932
0.0130321 0.57296
0.0157058 0.57296
0.0157902 0.781279
0.0184294 0.763181
0.0185829 0.57296
0.0198164 0.57296
0.0211857 0.57296
0.0219913 0.57296
0.0222266 1.13735
0.0247574 0.654575
0.0117713 0.0739107
0.00919308 0.239033
0.0114054 0.57296
0.0100418 0.819683
0.00962414 0.395653
0.0120572 1.23851
0.0128681 0.57296
0.0117913 0.929359
0.0136462 0.57296
0.0145767 0.818561
0.015662 0.312071
0.0187972 0.57296
0.020007 0.57296
0.021539 0.692651
0.0195247 1.11591
0.0199269 0.623135
0.0121962 0.659963
0.0136882 0.57296
0.0142902 0.746973
0.0146937 0.338018
0.0131967 0.57296
0.0144154 0.103687
0.0139539 0.646348
0.0134241 0.57296
0.0167715 0.57296
0.0144711 0.850324
0.0129753 0.458744
0.0175667 0.452813
0.0156773 0.702639
0.015897 0.57296
0.015703 1.18209
0.0170402 0.363463
0.0158324 1.07725
0.00686218 0.697496
0.00765933 0.526162
0.00892092 0.843381
0.00696272 0.398696
0.00786223 0.382423
0.00877401 0.251483
0.00631704 0.57296
0.00937666 0.57296
0.00911025 0.57296
0.0102661 0.57296
0.00791629 0.57296
0.00485952 0.111141
0.00897273 0.674803
0.00691986 0.57296
0.00405025 0.57296
0.00544385 0.57296
0.00403969 0.634124
0.00404548 0.572228
0.00479967 0.646802
0.00497551 0.688001
0.00681284 0.57296
0.00592154 0.676464
0.00513862 0.57296
0.00804091 0.57296
0.00609385 0.57296
0.00691448 0.484113
0.0100004 0.57296
0.0103771 0.104762
0.0089116 0.57296
0.0109906 0.57296
0.0109061 0.57296
0.0137928 0.613954
0.0127266 0.57296
0.0114466 0.196644
0.0175038 1.23626
0.0153098 0.57296
0.0143776 0.500483
0.0139341 0.800672
0.015858 0.57296
0.0144153 0.57296
0.0133739 0.73012
0.0161947 0.57296
0.0144511 0.72005
0.0136741 1.06146
0.0161516 0.57296
0.0146369 0.57296
0.0118843 0.897767
0.0125247 0.57296
0.0105179 0.57296
0.0115998 1.27976
0.0187399 1.17751
0.0180516 1.05144
0.0175283 1.33645
0.0195178 1.40581
0.0206154 1.52891
0.0193457 1.46489
0.0201825 1.16086
0.0210304 1.28533
0.0183073 1.53448
0.0215665 1.4638
0.020885 1.16455
0.0197132 1.82124
0.0203821 0.763803
0.0209917 1.26276
0.0207807 1.39933
0.0236777 1.21762
0.0210969 1.20041
0.0221025 1.127
0.0230888 1.49428
0.0222237 1.3515
0.0252408 1.53446
0.0239316 1.43093
0.0243977 1.12833
0.0257064 1.70503
0.0261586 1.66017
0.0255367 1.5065
0.0280246 1.54671
0.0277814 1.56301
0.0278273 1.61591
0.0275677 1.77443
0.0293352 1.73152
0.031359 2.04803
0.029015 1.8964
0.0355493 1.95442
0.0334355 1.87276
0.0332826 2.24998
0.0349212 2.33855
0.0385943 1.94226
0.0384692 2.19448
0.0374752 2.29458
0.0410755 2.54766
0.041204 2.26651
0.0414613 2.46391
0.0407418 2.45175
0.0441428 2.94113
0.0467804 3.05082
0.0467998 1.62499
0.0162068 1.77975
0.0187926 1.95952
0.0249097 1.90782
0.0265815 2.22661
0.0311279 2.08494
0.0331035 2.44594
0.0355181 2.61065
0.0351056 2.45361
0.0338491 1.55072
0.0164001 1.57095
0.0174076 1.62626
0.0205273 1.89525
0.0206584 1.73978
0.0178524 2.03913
0.0203466 1.7569
0.0199793 1.70462
0.0198797 1.47428
0.0188442 1.03037
0.0152721 1.41772
0.0159897 0.904496
0.0152565 1.00783
0.0154803 1.11147
0.0171365 1.0662
0.0177762 0.792867
0.00761192 1.39933
0.00845996 1.00076
0.00614427 1.09503
0.00613222 0.884447
0.00640151 1.28898
0.00589419 1.12923
0.00563863 1.12307
0.00654161 1.46199
0.00595636 1.53859
0.00624728 1.21209
0.00369164 1.51277
0.00670247 1.71247
0.00559244 1.52793
0.00304013 1.37914
0.00581264 1.40502
0.00497126 1.63515
0.00283829 1.41699
0.00562407 1.17664
0.00387854 1.45666
0.00334383 1.27025
0.00324255 1.24692
0.00374914 1.17135
0.00314447 1.14134
0.00227955 1.12342
0.00441007 1.06822
0.00210565 1.0712
0.00155075 1.56714
0.00354228 1.36617
0.00398461 1.43308
0.0329091 1.08794
0.0303772 1.29292
0.0279978 1.28579
0.0336038 0.57296
0.0320514 1.30451
0.0272817 0.782494
0.0308985 0.676986
0.0295681 0.950585
0.0273151 0.690003
0.0300875 0.928671
0.0293151 1.10605
0.0285845 0.345094
0.0294978 1.13224
0.0317025 0.375267
0.0284631 0.511511
0.02946 1.17005
0.0315974 0.790449
0.0283325 1.12413
0.0287753 0.322987
0.0305913 0.977619
0.0284377 1.33183
0.0270369 0.736355
0.0304396 0.743153
0.0310874 1.29912
0.0186297 1.33394
0.0206937 1.04356
0.0212701 0.764969
0.0205822 0.787304
0.0202888 0.871077
0.0213815 0.652692
0.0184593 0.395067
0.020289 0.453469
0.0210807 0.318371
0.0159899 0.57296
0.0169318 0.623061
0.0194768 0.638947
0.0162197 0.999791
0.0166806 0.17127
0.016939 0.57296
0.0147411 0.553309
0.0152168 0.57296
0.0150166 1.10232
0.0135902 1.04762
0.0135961 1.13464
0.0137037 0.57296
0.013543 1.01796
0.0134748 1.14638
0.0115673 1.0148
0.0125359 0.508039
0.0119315 0.57296
0.00872055 0.57296
0.00933787 1.21501
0.00963062 1.13459
0.0109179 0.57296
0.0125084 0.747048
0.0121424 0.594183
0.0100925 1.15602
0.0124373 0.439344
0.0118507 1.07765
0.00964735 0.288672
0.00767691 0.199921
0.00801121 0.57296
0.00791745 0.57296
0.00742549 0.567484
0.00598849 0.57296
0.0112543 0.672162
0.0117432 0.413554
0.00775145 0.180914
0.0111885 0.721815
0.0144337 0.57296
0.00973519 1.02686
0.0154954 0.235321
0.0153774 0.57296
0.0114236 1.00324
0.0134179 0.73921
0.0154597 0.559724
0.0114964 0.484035
0.0169852 0.57296
0.0204864 1.08904
0.0122304 1.05227
0.00998355 0.460486
0.0164892 1.34286
0.0150483 0.531236
0.0137148 0.716236
0.0158826 0.57296
0.0164428 1.142
0.0145945 1.01551
0.0141052 0.867055
0.0169713 0.57296
0.0160757 0.57296
0.0150067 0.73136
0.0147982 0.57296
0.0159714 0.643276
0.0136651 0.924468
0.0145737 0.57296
0.0173174 0.57296
0.0130588 1.06904
0.013028 1.02553
0.0159595 0.57296
0.0140155 0.264852
0.0191547 0.749719
0.0155036 0.176871
0.0186403 1.14345
0.0169088 0.663244
0.0168907 0.57296
0.0184043 0.353288
0.0193338 0.57296
0.0168108 0.681171
0.0150855 0.640165
0.0196316 0.57296
0.0193789 0.57296
0.0177719 1.02501
0.0150577 0.57296
0.0124553 0.57296
0.0147093 0.918728
0.0267762 0.452467
0.027347 0.57296
0.0243767 0.614896
0.0233881 0.43516
0.0295684 0.57296
0.0267892 0.619644
0.0304932 1.06078
0.0281723 0.592991
0.0308802 0.413325
0.0312388 0.57296
0.0304031 0.682624
0.0319246 0.57296
0.0316413 0.731916
0.0302921 0.853995
0.031108 0.986976
0.0331064 0.62365
0.0322243 0.906398
0.0305513 0.57296
0.0341984 1.18756
0.0306718 0.258166
0.0273604 0.57296
0.0298035 0.828802
0.032404 0.593637
0.0275823 0.449361
0.0253281 0.538693
0.0257318 0.57296
0.0233996 0.57296
0.0242963 0.57296
0.0229912 0.696843
0.020824 0.584917
0.021761 0.882111
0.0227908 0.57296
0.0204736 0.57296
0.0201208 0.57296
0.0230454 0.329555
0.0167598 0.831327
0.0156397 0.96347
0.0151985 1.25457
0.0170396 0.533917
0.0138502 0.57296
0.0150003 1.11466
0.015121 0.837738
0.0164688 0.927397
0.0156425 1.23396
0.0160601 1.11583
0.013279 1.27196
0.0118326 1.00066
0.0161388 1.22556
0.0172659 1.45374
0.0196653 1.14654
0.020658 1.17525
0.0212376 1.5185
0.0242886 1.32835
0.0257634 1.45862
0.0235012 1.79959
0.025525 1.75196
0.0268097 2.06265
0.0273949 1.66362
0.0276988 1.76628
0.0237985 1.89121
0.0247665 1.71643
0.0273493 1.90516
0.0271999 2.04594
0.0286399 2.05576
0.0308082 2.08739
0.0286384 1.80547
0.028316 2.12208
0.0308197 2.03039
0.0311706 1.90687
0.0298398 1.85834
0.0310965 2.12503
0.0318433 1.78621
0.0322845 2.17501
0.0332194 1.88084
0.0320567 2.07185
0.0328206 1.89944
0.033959 2.08269
0.0328379 1.94162
0.0327254 1.9622
0.0342659 1.85151
0.0327132 1.64068
0.0314144 2.02295
0.0341686 2.37505
0.0336134 2.31291
0.0335648 1.61848
0.0225733 1.78802
0.0237823 1.3356
0.0225863 1.69506
0.0233424 1.65382
0.0223868 1.82063
0.0243187 1.18963
0.0213021 1.70185
0.0211431 1.7404
0.0231699 1.782
0.0215888 1.3113
0.0192882 1.84505
0.0212299 1.66935
0.0224529 1.5562
0.0183863 1.89187
0.0202926 1.7445
0.0213202 1.35632
0.0227234 1.40302
0.0226543 1.22901
0.0215293 1.277
0.0228456 1.37079
0.024794 1.2584
0.0205127 1.24643
0.0167281 1.33174
0.0214042 1.60427
0.0211212 1.19874
0.0186057 1.86551
0.0224281 1.54036
0.0238379 1.79648
0.0215881 1.66302
0.0230944 1.91674
0.0260461 1.36099
0.0278629 1.60444
0.0259619 1.68164
0.0253401 1.87787
0.0291329 1.63959
0.0245178 1.34189
0.0224981 1.34447
0.0248805 2.03005
0.0294244 1.93239
0.0299382 1.26957
0.0218441 1.2323
0.0202038 1.59162
0.0232234 1.28912
0.0237399 1.20619
0.0240569 1.32064
0.0231224 0.55546
0.019914 0.988404
0.0182959 1.10046
0.0184616 1.33565
0.0201342 2.00438
0.0185767 1.79243
0.0186314 1.75185
0.00871835 1.47541
0.0126573 1.82624
0.0123809 1.45836
0.012571 1.26434
0.0128827 1.38293
0.0124903 1.53846
0.0133687 1.49164
0.0130851 1.60738
0.0138225 1.1868
0.00963803 1.79702
0.00898647 1.20496
0.0113484 1.4188
0.00844356 1.25108
0.00867214 1.73527
0.0420767 1.59732
0.0418133 0.57296
0.0413601 1.13972
0.0386668 1.39677
0.040221 0.903211
0.0394304 0.972302
0.0383694 1.24814
0.0383646 1.26458
0.0409276 1.53386
0.0381157 1.45301
0.0383395 1.29638
0.0399787 0.892525
0.0347693 0.57296
0.035056 1.5254
0.0371082 1.18968
0.0315344 1.31235
0.0315374 1.11381
0.031289 0.884795
0.0247104 1.16742
0.0237253 1.30827
0.025684 1.52387
0.0266063 1.32281
0.0257585 0.956883
0.0279658 1.48507
0.0277901 1.12192
0.0283904 1.39507
0.0295223 1.04522
0.0298993 1.20106
0.0289248 1.0966
0.029174 1.38929
0.0289818 1.3059
0.0284625 0.821532
0.0292537 0.946243
0.0299743 2.79509
0.0145905 2.68468
0.0123878 3.13598
0.0117998 2.85329
0.0136108 2.86578
0.0114391 2.88632
0.0102397 2.93263
0.0125354 2.81459
0.0110753 2.58637
0.00933512 2.68177
0.0107898 2.76497
0.00944027 2.70365
0.00902692 2.5937
0.00805104 2.59412
0.00973209 2.67086
0.00969622 2.40216
0.0075282 2.48515
0.0098674 2.23039
0.0112926 2.72119
0.00989707 2.32824
0.0112225 2.60276
0.0113278 2.42081
0.00854114 2.49076
0.0109448 2.45287
0.010506 2.39298
0.00882796 2.36733
0.011854 2.46786
0.00961575 2.34793
0.00900522 2.11347
0.00865122 2.20588
0.00831264 2.56447
0.00950331 2.32532
0.0111599 2.28034
0.0120076 2.66119
0.0106499 2.75678
0.0140258 2.80067
0.00919623 2.70993
0.0131785 2.55223
0.0124984 2.59776
0.0148085 2.62845
0.0135286 2.43067
0.0128097 2.49934
0.0150259 2.69828
0.0135348 2.66896
0.0144486 2.70766
0.0142981 2.32191
0.0131555 2.41599
0.0142601 2.29341
0.0140785 2.49593
0.0121913 2.69316
0.0143273 3.8837
0.0532697 3.77134
0.0558847 3.84976
0.0539388 3.5316
0.0537098 3.63424
0.0553676 3.59489
0.0543401 3.61813
0.0551778 3.68251
0.0551553 3.66915
0.0549715 3.61834
0.0563039 3.47511
0.0558845 3.66174
0.0563989 3.73926
0.0581137 3.80462
0.0561975 3.98554
0.0593473 3.81293
0.0585828 3.74964
0.0572199 3.96395
0.0592672 3.88732
0.0583746 3.87454
0.0577755 3.67853
0.0583716 3.79852
0.0589286 3.77427
0.0588731 3.69478
0.0572602 3.86548
0.0575506 3.84928
0.0596665 3.89145
0.0590514 3.86323
0.0568564 3.69757
0.057374 3.89937
0.0585117 4.04652
0.0585201 3.44531
0.055347 3.51892
0.054559 3.58014
0.0561443 3.78772
0.0582492 3.48628
0.0560757 3.60588
0.0543479 3.74703
0.0560405 3.72152
0.055065 3.4145
0.0542236 3.49766
0.0552277 3.67376
0.0557657 3.43414
0.0555171 3.67718
0.0567916 3.60656
0.0563012 3.57387
0.0585062 3.64569
0.0579815 3.52443
0.0563236 3.56072
0.0582006 3.85647
0.06058 0.822842
0.0360447 1.29797
0.0356721 1.02155
0.0356129 1.24518
0.0365727 1.22267
0.0358563 1.47305
0.0334812 0.819722
0.0358102 1.51864
0.0365871 1.09236
0.0327925 0.999734
0.0368504 0.600654
0.0359123 1.24266
0.0341363 0.970689
0.0384107 1.3815
0.0348463 1.05461
0.0376382 1.25771
0.0385936 1.36168
0.0364678 0.90527
0.0387898 1.21888
0.0371907 1.44085
0.0377094 1.60384
0.0376969 1.35841
0.0365527 1.45121
0.0374589 1.29462
0.0377169 1.03558
0.0373744 1.69567
0.0371742 0.927349
0.0228271 1.17471
0.0217575 0.879602
0.0217784 0.174393
0.0220992 1.10115
0.0233968 1.26799
0.0232876 1.11736
0.0214974 0.57296
0.0233657 0.978696
0.0229778 1.29064
0.0212949 0.57296
0.0238093 0.893515
0.0237909 0.668849
0.0240098 1.19876
0.0242711 0.769856
0.0233319 0.969429
0.026019 0.846441
0.0256809 0.771041
0.0244994 0.960294
0.0261572 0.596394
0.025765 0.57296
0.0266254 1.43798
0.0274901 0.291259
0.0237761 0.732384
0.0237978 0.976503
0.0206369 0.57296
0.0159073 0.502812
0.0178241 0.43986
0.0207043 0.57296
0.0182211 0.967738
0.0185398 0.39744
0.0197817 0.57296
0.0186981 1.22016
0.0191564 0.740719
0.0209447 0.916464
0.0174831 0.68782
0.0192255 1.18528
0.0205113 1.22641
0.0196428 1.16983
0.0207114 0.890809
0.0220873 0.49235
0.0220354 0.691509
0.0225951 1.7432
0.0229123 1.34387
0.0218925 1.38978
0.0227372 1.59818
0.0227401 0.908135
0.0237927 0.687187
0.0233121 0.689727
0.0231837 1.94367
0.0302667 1.6018
0.0295061 1.26015
0.0294951 1.3475
0.0317958 1.95153
0.0322712 1.9694
0.0315864 1.77298
0.0320183 1.63236
0.0313397 1.56847
0.0338012 1.91459
0.0331836 1.8615
0.0324725 1.44149
0.0352133 2.04232
0.0341851 1.5234
0.0343372 1.72551
0.0354218 1.71007
0.0351795 1.84945
0.034726 1.94936
0.0239859 2.11818
0.0242052 1.96303
0.0239613 2.44211
0.0255082 2.28546
0.0271393 2.15172
0.0235758 2.24758
0.0250354 2.11614
0.0278028 0.57296
0.0119977 0.722852
0.0134728 0.647902
0.0129718 0.357877
0.0126195 0.865014
0.0139637 0.57296
0.0141716 0.607059
0.0139799 1.35391
0.0146547 0.87034
0.0152009 0.57296
0.0152809 0.933954
0.0147011 0.961338
0.0219784 1.21414
0.0156438 0.943297
0.0201996 1.54704
0.0285821 0.349567
0.0149083 1.14216
0.0163528 1.3067
0.0274197 1.09154
0.0211103 1.13618
0.0269962 1.12993
0.030707 0.872395
0.0317934 1.24504
0.0345268 0.936774
0.0353229 1.37441
0.032409 1.66995
0.03477 1.21306
0.0331685 1.56872
0.0331476 1.45562
0.0365694 1.5473
0.0371376 1.62643
0.0327626 1.2177
0.0341352 1.50356
0.0350661 1.57532
0.0324575 1.57449
0.0349717 1.49875
0.0360917 1.9782
0.0352093 1.66912
0.0359415 1.76905
0.0344657 1.55219
0.0330507 1.73943
0.0325853 1.53303
0.0331386 1.54306
0.029368 1.63354
0.027693 1.47134
0.0298073 1.78674
0.0278704 1.66493
0.0306578 1.81198
0.0332431 1.24295
0.0296745 1.57481
0.0297169 0.429886
0.0172038 0.57296
0.0148058 0.312186
0.0151069 1.12189
0.0184283 0.547051
0.0150897 0.57296
0.0180913 0.598306
0.0181364 0.57296
0.0163421 0.947969
0.0190793 0.879404
0.0184989 0.893953
0.0165603 0.57296
0.0199092 0.57296
0.0202231 0.57296
0.0150217 0.560147
0.0180062 1.04293
0.0177707 0.57296
0.0158855 0.611573
0.0179358 0.57296
0.0168766 0.370159
0.0179747 0.805525
0.0228622 1.07161
0.0190129 0.691213
0.018669 1.13
0.0189353 1.04181
0.018721 0.57296
0.0231004 0.57296
0.0186368 1.36075
0.0175916 0.913505
0.0204899 1.1782
0.0192731 1.0933
0.0189508 0.815375
0.0226214 0.760153
0.0208865 0.833883
0.0200135 1.07702
0.0230762 1.3035
0.0221216 1.13212
0.023152 0.57296
0.0232987 0.71491
0.0227705 1.15462
0.0235284 1.35121
0.0256462 0.743589
0.0226146 1.30356
0.0222093 1.03822
0.0245137 1.41528
0.0213772 0.845558
0.0229606 0.606218
0.0250021 1.40143
0.0244828 0.42183
0.0258601 1.1378
0.0268183 0.57296
0.0103645 0.553399
0.0111097 0.493203
0.0140864 0.410713
0.0103827 0.69963
0.0130074 0.96598
0.0144504 0.78667
0.0115908 1.06623
0.015386 0.721418
0.0133578 0.57296
0.0110734 0.57296
0.0124761 1.03368
0.0117458 0.57296
0.00967392 0.57296
0.0119076 1.01293
0.0112631 0.57296
0.00996229 0.605338
0.0110278 0.862675
0.0131253 0.998121
0.0125633 0.57296
0.012063 0.57296
0.0147537 1.0841
0.01508 0.880632
0.0159806 1.11973
0.0158151 1.44525
0.0180166 0.281364
0.0156565 0.57296
0.0182377 0.953327
0.0193344 0.586492
0.0178196 0.255552
0.021846 1.18435
0.020669 1.57097
0.0202724 1.35122
0.0228633 1.03563
0.0245366 1.10224
0.02329 1.09684
0.0242688 0.69173
0.0252 0.979096
0.0235039 0.991741
0.024497 1.56651
0.0252071 0.742163
0.0232535 1.11267
0.0266428 1.3637
0.0263948 1.38579
0.0268092 0.79254
0.0302819 1.70238
0.031775 1.23943
0.0314476 1.44186
0.0357515 1.64863
0.0353332 1.40124
0.0338312 0.318485
0.01569 0.393861
0.0171166 0.57296
0.0179599 0.57296
0.0149868 0.549339
0.0158475 0.284466
0.0160647 0.815503
0.0126074 0.913756
0.0141656 0.57296
0.0134745 0.608636
0.0115948 0.740136
0.0144091 0.906968
0.0141152 1.04666
0.0127411 0.841311
0.015611 1.38678
0.0160387 0.56315
0.0154387 0.740042
0.0159687 1.3628
0.0175809 1.10043
0.017933 0.595921
0.0204882 0.883858
0.0160793 1.0476
0.0188927 1.40558
0.0205989 1.02851
0.019342 0.743131
0.0229276 1.08724
0.0201252 0.210577
0.0225871 1.26865
0.0222588 1.51804
0.0248326 1.19901
0.0253771 1.32045
0.0257395 1.1818
0.0232196 1.241
0.024405 1.39393
0.0244376 1.25939
0.0269876 1.71029
0.0269164 1.68747
0.0261305 1.58835
0.0266388 1.50649
0.0256097 1.65206
0.0274581 1.25718
0.0274707 1.0695
0.0247845 1.81631
0.0279356 1.72151
0.0264576 1.13539
0.0255869 1.79791
0.0275899 1.50096
0.0262401 1.62441
0.0261035 1.72513
0.0290635 1.58034
0.0293878 0.57296
0.0226453 0.620572
0.0246291 0.75179
0.0266457 1.01679
0.0251637 0.869325
0.02498 0.57296
0.026314 0.57296
0.0240769 0.560423
0.0250866 0.481753
0.0268561 0.57296
0.0256813 0.57296
0.0244311 0.57296
0.0259655 1.09377
0.0235409 0.556621
0.0234276 0.57296
0.025012 1.08083
0.0237486 0.552374
0.0241474 0.356305
0.0243798 0.57296
0.0243759 0.57296
0.0247652 0.69007
0.0253095 0.699437
0.0243538 0.598844
0.0229917 0.57296
0.0252349 0.57296
0.022406 0.566483
0.024274 0.472144
0.0225905 0.57296
0.0214842 0.57296
0.0224527 0.57296
0.0207572 0.922294
0.0214641 0.57296
0.0214268 0.629668
0.0194232 0.273168
0.0202692 0.689186
0.0191997 0.396952
0.0216199 0.749636
0.0209624 0.57296
0.0181981 0.660693
0.0171617 0.227966
0.0190284 0.463331
0.0190784 0.57296
0.0194933 1.12048
0.0203701 0.38119
0.0187712 0.57296
0.0200195 0.990162
0.0212088 0.57296
0.0200111 1.04603
0.0214552 1.01484
0.02331 0.49889
0.0189976 0.492712
0.0117406 0.533759
0.0118401 0.57296
0.0116606 0.57296
0.0106343 0.605365
0.0107474 0.888095
0.010992 0.445494
0.0116969 0.57296
0.0116852 0.555589
0.0114842 0.730824
0.0116032 0.611489
0.0129787 0.497547
0.0109211 0.871033
0.0108203 0.522053
0.0120401 0.57296
0.0113724 0.134399
0.0121711 0.623431
0.00987703 0.889905
0.00996913 0.740429
0.011125 0.57296
0.0097628 0.57296
0.008989 0.57296
0.00917552 0.57296
0.00938124 0.767082
0.00886802 0.57296
0.00867574 0.755963
0.00708008 0.57296
0.00907032 0.57296
0.0106156 0.0759849
0.00778295 0.202551
0.0113462 0.973605
0.0121816 1.03676
0.00979104 0.842725
0.0110385 0.365664
0.0107048 0.949303
0.0117378 0.841212
0.0123118 0.382904
0.0120516 1.03063
0.0143135 0.630547
0.0132029 0.262283
0.0120738 0.549293
0.0119339 0.408639
0.011873 0.57296
0.0131158 0.781953
0.0129331 0.57296
0.0130249 0.32333
0.0137124 0.312037
0.0150154 0.57296
0.0159001 0.962043
0.0186708 1.055
0.0182232 0.57296
0.0111605 1.17895
0.0135146 0.57296
0.0128078 0.515571
0.0113384 0.856596
0.0135888 0.57296
0.0149776 0.297049
0.0130204 0.996642
0.0149859 0.57296
0.015452 0.57296
0.0165938 0.57296
0.0173971 0.933422
0.017006 1.07653
0.0162267 0.55698
0.0187687 0.645125
0.0185162 0.764314
0.0173388 1.03808
0.0191679 0.752032
0.0198876 1.01423
0.0209707 1.08819
0.0206109 1.3532
0.0216333 0.0982638
0.0224547 0.724787
0.022248 0.704903
0.022073 1.22265
0.0231874 0.880435
0.023947 1.10708
0.0256313 1.01833
0.0271085 0.783017
0.0259982 0.795208
0.0249623 0.684069
0.0256353 1.20258
0.0264853 0.191738
0.0264911 0.555578
0.0262452 0.845547
0.0254513 1.00976
0.0266314 1.45984
0.0284334 0.866099
0.0294177 0.867902
0.0283666 0.503115
0.0305541 1.14583
0.0305069 0.57296
0.0309613 0.57296
0.0344546 0.478981
0.0344899 1.1097
0.0341943 0.754326
0.0364601 0.702864
0.0368618 1.34179
0.0398997 0.792116
0.0398788 1.38087
0.0410326 1.09662
0.0216398 0.146813
0.0229187 0.57296
0.024463 0.436018
0.0248278 0.57296
0.0237984 0.57296
0.0246336 0.264417
0.0250791 0.330709
0.0246107 0.57296
0.0244866 0.57296
0.0271042 0.584124
0.0257515 0.887129
0.0250736 0.44651
0.0261627 1.10778
0.0261058 1.1338
0.0278706 0.862977
0.0285795 1.00559
0.0291926 0.57296
0.0277721 0.995592
0.0294119 0.679501
0.0295759 0.618675
0.0312722 0.57296
0.0325277 0.57296
0.0313081 1.09304
0.0326278 0.699865
0.0331511 0.57296
0.0317983 1.03066
0.0333219 0.57296
0.0343499 1.06664
0.0333605 0.527756
0.0334644 1.09695
0.0363228 0.57296
0.0362608 0.342612
0.0371588 0.57296
0.0378581 0.609648
0.0380616 0.877632
0.0373776 1.00048
0.0388988 0.533608
0.0386781 0.274815
0.0377095 0.864109
0.0392918 1.07363
0.0413757 0.92507
0.0419351 0.394885
0.0432756 1.03674
0.0433975 0.785667
0.0431433 1.19026
0.0453685 1.11735
0.0449123 1.43686
0.0463467 1.06901
0.0462202 1.28309
0.0462745 0.671869
0.0144718 0.782502
0.0135603 0.648372
0.0139648 0.632928
0.0169072 0.880106
0.0156291 0.150568
0.0176756 0.749164
0.0180148 1.07949
0.0197876 0.325988
0.0192217 0.412474
0.0186849 0.689317
0.0188822 0.57296
0.0194998 0.699211
0.0197414 0.237063
0.0218117 0.546862
0.016884 0.785515
0.0210564 0.983934
0.016102 0.929556
0.0138544 0.894352
0.01755 0.84234
0.0171289 0.57296
0.0158485 0.57296
0.0166513 0.789054
0.0159939 0.57296
0.016648 0.57296
0.0181985 0.876415
0.0170168 0.57296
0.0178325 0.57296
0.0189535 0.735265
0.0184923 0.666006
0.0194595 0.825753
0.0214794 0.855701
0.019704 0.718322
0.0201843 0.877601
0.0220973 0.716574
0.0220421 0.57296
0.0224619 0.729334
0.023881 0.860237
0.0236604 1.07376
0.0241647 0.219567
0.0264845 0.574706
0.0256538 0.499079
0.0277624 1.08438
0.0284066 0.982575
0.029288 0.76003
0.0292022 0.57296
0.0299302 1.16281
0.0294784 1.05757
0.0295348 0.771557
0.0295461 0.909864
0.0314064 0.932266
0.00369255 0.677292
0.00459018 0.57296
0.00347332 0.450645
0.00612809 0.756043
0.00267263 0.586501
0.00283261 0.57296
0.00484329 0.593775
0.00463711 0.617833
0.00523143 0.878266
0.00670801 0.57296
0.00584366 0.156113
0.00726592 0.57296
0.0101167 0.193016
0.00880068 0.263528
0.0111388 0.57296
0.0109842 0.978659
0.0108034 0.927856
0.0122682 0.330581
0.0121478 0.470407
0.0130739 0.36406
0.0132262 0.412769
0.0133892 0.437524
0.0136469 0.783434
0.0144284 0.57296
0.0159405 0.57296
0.0161403 0.57296
0.0156851 0.57296
0.017268 0.693987
0.0178709 0.860988
0.017833 0.620804
0.0179682 1.14807
0.0193902 0.775457
0.0198034 1.09272
0.0199975 0.414157
0.0192782 0.810322
0.0210852 0.765638
0.0231475 0.57296
0.0225499 0.459047
0.0223047 1.00526
0.0245155 0.507509
0.0232142 0.57296
0.0220336 0.57296
0.0258684 1.04747
0.0259096 0.57296
0.0280659 1.00903
0.0291222 1.05799
0.029347 0.364133
0.0310406 1.02458
0.0308755 0.724829
0.0313853 0.53028
0.04093 1.25858
0.041645 0.771128
0.0453906 0.904954
0.0425826 0.625514
0.0415496 0.652306
0.0444711 0.578671
0.0435925 1.39427
0.045489 1.10074
0.0470785 0.902788
0.0473048 1.4971
0.0500492 1.5241
0.0493886 1.32701
0.0539546 1.54504
0.0514315 1.27006
0.0539816 1.33273
0.0558455 1.66436
0.0534079 1.46912
0.0559171 1.37647
0.0546165 1.76343
0.0560677 1.21216
0.0587566 1.3291
0.0574865 1.91214
0.0598365 1.92919
0.0646385 1.85479
0.0624904 1.82767
0.0643905 1.47073
0.0643033 1.63655
0.063672 1.47685
0.0635335 1.28535
0.0690192 1.61735
0.0678244 1.7923
0.0669074 1.92135
0.0687965 1.74212
0.0676593 2.23218
0.0700265 2.25812
0.0711978 1.95677
0.0716118 2.31514
0.0706311 1.96636
0.0701182 1.90089
0.0700668 2.15038
0.0722857 1.7489
0.069728 1.59578
0.0722565 1.81262
0.0723504 2.04337
0.0774812 2.24362
0.0766715 1.9735
0.0747877 2.46293
0.0841094 2.13848
0.0789726 2.29315
0.082251 0.434447
0.029631 0.570324
0.0259697 0.57296
0.0328093 0.432901
0.0323529 0.491846
0.0291315 0.771671
0.0358284 0.898001
0.0352806 0.57296
0.031137 0.888012
0.0360204 0.752491
0.0356373 1.15108
0.0358471 0.994014
0.0377534 1.30325
0.0342873 1.19449
0.0381048 0.57296
0.0400566 0.576622
0.0352616 0.776365
0.0409107 1.33168
0.043441 1.14427
0.041055 0.805302
0.0437669 0.297384
0.0480079 0.805706
0.0463322 0.206149
0.0462004 0.785597
0.0480584 0.937904
0.0458932 1.21326
0.0484033 0.460104
0.0474447 0.914468
0.0475117 0.695853
0.0514523 0.984198
0.0503593 1.39697
0.0494049 1.00334
0.0523408 0.828515
0.0482918 0.450546
0.0484468 0.959537
0.0518423 0.57296
0.051204 0.973248
0.0509501 0.985881
0.0524937 1.39181
0.0489491 0.915029
0.0502811 1.47453
0.0541816 1.19935
0.048094 1.22129
0.0512324 0.551145
0.0540204 0.462132
0.0505371 1.18088
0.0552308 0.956718
0.0546422 0.896745
0.0530738 0.267975
0.0562687 0.880855
0.0575271 0.556692
0.0360185 0.817763
0.0366849 0.85935
0.0369229 0.274759
0.0351185 0.802577
0.0372587 0.57296
0.0401118 1.06435
0.0378908 1.28851
0.0360629 0.67813
0.0399452 0.902672
0.0371421 1.08239
0.0383035 1.14085
0.0419175 0.755949
0.042464 0.711118
0.0405498 0.995832
0.042948 1.27366
0.0436256 0.302002
0.0427257 0.58648
0.0426789 1.66756
0.0450785 1.21536
0.0445623 1.48229
0.0448735 1.63624
0.0475391 1.27842
0.0460421 1.21354
0.0451279 1.45537
0.0471485 1.13797
0.045195 1.55453
0.046241 1.3476
0.0426807 1.06639
0.0444711 1.37014
0.0428458 0.747928
0.0398061 0.608496
0.0388917 0.950618
0.0373709 0.655444
0.0412498 0.347559
0.0457775 0.958938
0.046281 0.597753
0.0489183 1.26814
0.0492743 1.35465
0.0468396 1.19843
0.0522926 1.27249
0.0522433 0.801108
0.0494101 0.781656
0.0540848 1.86871
0.055072 1.33926
0.0521924 1.18814
0.0531388 1.28933
0.0522143 1.64271
0.0557826 1.68342
0.0583242 1.75466
0.0614006 1.17024
0.0411769 1.62749
0.0417873 1.96577
0.0468112 1.95129
0.0461611 1.55307
0.0483407 2.02501
0.0533614 2.02168
0.0573353 1.76027
0.0531785 2.14981
0.0555893 2.39461
0.0629022 2.48771
0.0612251 2.50084
0.0611996 3.00794
0.0697989 2.97524
0.0714118 2.735
0.0683715 3.10995
0.075387 3.0754
0.0759584 2.83656
0.0727469 3.00253
0.0768728 3.37822
0.0790567 3.01092
0.0749859 3.15986
0.0770228 3.62367
0.0828056 3.28568
0.0781267 3.4088
0.0818277 3.62045
0.0835429 3.37839
0.0789347 3.39587
0.081441 3.78825
0.0855936 3.1075
0.079136 3.72044
0.0872839 3.64864
0.0872115 3.84025
0.0875197 4.06628
0.0940542 4.28349
0.0940301 4.10764
0.09497 4.34014
0.0965179 4.29303
0.0989673 4.44547
0.100794 4.67137
0.103919 4.70014
0.104113 4.65543
0.108526 4.77521
0.10949 4.76839
0.11323 4.80313
0.111216 5.1145
0.114482 5.2215
0.119017 5.06867
0.116574 5.04397
0.116896 5.15931
0.121899 1.95924
0.0346416 2.09458
0.0350743 1.68911
0.0362305 1.67645
0.034656 1.81138
0.0270128 1.54336
0.0289646 1.74808
0.0216102 1.44404
0.0297314 1.74995
0.0297163 1.63322
0.0282411 1.76051
0.0317579 1.85061
0.0322276 1.55755
0.028874 0.807153
0.0291983 1.70524
0.0341962 0.789262
0.0303682 1.43423
0.0268039 1.59153
0.0325188 1.25862
0.0338003 0.80123
0.0291211 1.50231
0.0280786 1.63108
0.0288077 1.2304
0.0216706 1.23097
0.0265737 1.5305
0.029604 1.68782
0.0237136 1.4564
0.0258144 1.56749
0.0254056 1.43268
0.0226635 1.40374
0.0257834 1.84221
0.0258209 1.09314
0.0208722 1.25754
0.0227411 1.30972
0.0225337 1.74151
0.0217951 1.65176
0.0221496 1.99485
0.0251731 1.88183
0.0249355 1.78771
0.0259059 1.84405
0.0275191 1.4128
0.0234384 2.02369
0.0274668 1.63379
0.0255445 1.65463
0.0240871 1.67575
0.0257949 1.65281
0.0230522 2.94253
0.0435615 3.11854
0.0476838 3.3342
0.0491898 3.11733
0.0493472 1.35657
0.0128363 1.84926
0.0126819 2.04313
0.0169949 1.48061
0.0154379 1.00179
0.0162909 1.54589
0.0173868 1.87813
0.0193937 1.36024
0.0124212 1.52359
0.0173207 1.67322
0.0210049 1.58019
0.0104568 1.91797
0.0221041 1.5541
0.0205739 1.91275
0.0165026 1.27381
0.019856 2.04094
0.0230203 1.74393
0.0190718 1.63606
0.0175091 1.54955
0.0233032 1.44255
0.0191242 1.14931
0.018015 1.77926
0.0260871 1.32286
0.0157772 1.47021
0.0202645 1.2451
0.0220151 0.857533
0.0169807 0.813098
0.0214982 1.18917
0.0243784 1.24009
0.0199135 1.36995
0.0313687 0.559822
0.0271671 0.243415
0.0229793 1.00828
0.0319113 1.51762
0.0315565 0.887275
0.0265487 0.466727
0.0332105 1.16086
0.035123 1.08597
0.0319825 1.16584
0.0365951 1.01313
0.0374131 1.1683
0.038824 0.915791
0.0381393 1.23694
0.0406728 0.995878
0.0425512 0.9312
0.0425836 1.13367
0.041715 1.37336
0.0431243 1.73292
0.0446803 1.20529
0.0451789 1.60888
0.0490653 0.952277
0.0184757 0.96704
0.0204293 0.611362
0.0240402 0.919675
0.0218536 0.916929
0.0219403 0.720725
0.0233828 0.57296
0.024295 0.715111
0.0239378 0.858408
0.0248499 0.269458
0.023099 0.667394
0.026023 1.06157
0.0270138 0.877192
0.0263777 0.904669
0.0259306 0.460997
0.0258252 0.57296
0.0257242 1.10808
0.0256136 1.1579
0.024954 0.12544
0.0248445 0.54774
0.0271604 1.13341
0.0257297 0.399963
0.0242504 0.57296
0.0266036 0.0940673
0.0247282 0.512719
0.0221906 0.57296
0.0245766 1.18526
0.023686 0.520245
0.024744 0.685352
0.0264824 1.15187
0.0224507 1.17644
0.0196741 0.719922
0.023169 0.670552
0.0222917 0.670714
0.021889 0.944197
0.0242117 0.466129
0.0234918 0.393584
0.0223112 1.09955
0.021525 0.419911
0.0200727 1.27833
0.0209554 1.23324
0.0171601 0.944965
0.0196025 1.19469
0.0198918 1.38293
0.016109 1.44536
0.0199769 1.27703
0.0210247 1.1335
0.0183849 1.24647
0.0179758 0.696759
0.0164887 0.57296
0.0162524 1.3476
0.0221632 1.11842
0.0178573 0.657107
0.0218805 0.707119
0.0218726 0.944488
0.0243223 0.784502
0.0215034 1.01616
0.0182838 0.73422
0.0178223 1.32943
0.0183471 1.00068
0.0166524 1.09209
0.0157903 0.910978
0.0144715 1.28451
0.015467 0.57296
0.0128291 0.352103
0.00815303 0.60937
0.014451 0.57296
0.0163631 0.718413
0.0127156 0.638459
0.0117339 1.01525
0.012193 0.57296
0.0136288 0.612078
0.0268283 0.983723
0.0251022 0.57296
0.0213974 1.15559
0.0245377 0.480335
0.0283048 0.57296
0.0236585 0.539928
0.0251368 1.24915
0.0290854 0.970684
0.0247408 0.679498
0.0251578 1.41214
0.0265919 0.954665
0.0246318 1.18472
0.0250448 1.03164
0.0245407 0.8141
0.0225974 0.57296
0.0252778 0.57296
0.0226627 0.924147
0.0216118 0.985786
0.0223862 0.57296
0.0196896 0.990469
0.0219872 0.842251
0.0240773 0.568889
0.0260974 1.1222
0.0268181 0.957971
0.0279387 0.501019
0.0256728 0.57296
0.0251806 1.16534
0.0293788 1.02232
0.026511 0.463544
0.00863829 0.481881
0.00358765 0.57296
0.00668883 0.57296
0.0135861 0.528466
0.00765636 1.11899
0.00538244 0.83923
0.0112821 0.867008
0.013864 0.558056
0.0157534 0.57296
0.0156939 0.57296
0.0150643 0.785662
0.0130364 0.57296
0.0154602 0.57296
0.0180128 0.57296
0.0171489 0.78435
0.0147229 0.802384
0.0223325 0.94615
0.0204968 0.57296
0.0198818 0.893258
0.0199493 0.832928
0.0158465 1.12679
0.0186825 0.57296
0.022824 0.671291
0.0185347 0.618832
0.0127309 0.57296
0.0192089 0.476574
0.0185168 0.57296
0.0167512 0.827975
0.0175403 1.19429
0.0199337 0.314758
0.018191 0.57296
0.0162772 0.900484
0.0212446 1.09564
0.0237876 0.57296
0.0209517 0.513412
0.0201387 0.594136
0.0221422 0.57296
0.0221052 0.57296
0.0234107 0.57296
0.026742 0.57296
0.0262051 1.21832
0.0273713 0.57296
0.0298154 0.734609
0.0290181 0.57296
0.0262939 0.25521
0.0264512 0.974153
0.0233754 0.648458
0.0231915 0.305458
0.0274675 0.188521
0.0265434 0.917708
0.00844018 0.57296
0.0135691 0.57296
0.0121331 0.375707
0.0137658 0.57296
0.0166831 0.86836
0.0143267 0.734687
0.0161613 1.00886
0.0161315 0.465721
0.0206085 0.57296
0.0286742 0.57296
0.0260488 0.57296
0.0253939 1.17951
0.0260569 0.545306
0.0254758 0.438821
0.012324 0.894316
0.0159314 0.870455
0.0179409 0.57296
0.0192047 0.57296
0.0219712 0.94231
0.0212964 1.01801
0.0231808 0.366608
0.0231398 0.57296
0.0217961 0.922234
0.0245846 0.668784
0.0270262 0.698955
0.0251245 0.844601
0.0273655 0.57296
0.0305799 0.57296
0.028154 1.0507
0.028351 0.217947
0.0330427 0.0879116
0.0295914 0.57296
0.0305161 0.57296
0.0314074 0.73908
0.0333562 0.728279
0.0318321 0.196148
0.0364423 0.556615
0.0353477 0.361223
0.0331465 0.663253
0.0383421 0.991587
0.0380334 0.476415
0.039709 0.57296
0.0407541 1.35616
0.0416982 0.708245
0.0440522 0.877545
0.044382 1.18389
0.0442751 0.855724
0.0474281 1.44709
0.0482049 1.267
0.050764 0.79944
0.0197016 0.57296
0.0207809 0.57296
0.018281 0.57296
0.016451 0.508452
0.0151144 0.630926
0.0142849 0.76987
0.0188191 0.758023
0.018728 0.138697
0.0178654 0.912647
0.0148801 0.21296
0.0144413 0.37386
0.0144484 0.995615
0.0138331 0.169839
0.011785 0.801685
0.00862878 0.57296
0.0088677 0.67915
0.0079673 0.57296
0.00721999 0.865649
0.009051 0.57296
0.00780352 0.57296
0.00902605 0.493987
0.00628667 0.57296
0.00729476 0.714631
0.00819189 0.57296
0.00642085 0.726968
0.00876679 1.06656
0.0120728 0.360568
0.0151173 0.57296
0.0136833 0.57296
0.0121463 1.12196
0.0139572 0.258303
0.0133447 0.549924
0.0128797 0.684622
0.0131968 0.52252
0.013086 0.892702
0.0127409 0.613246
0.0134054 0.30459
0.0141091 0.193137
0.0133206 0.708346
0.0134373 1.06389
0.0134164 0.57296
0.0134618 0.936789
0.0120372 0.57296
0.0124927 0.57296
0.0124318 0.57296
0.0126107 0.756536
0.0152243 0.926724
0.0165384 0.910675
0.0139989 0.498191
0.013812 1.04738
0.0192273 0.315805
0.0168024 0.57296
0.0150696 0.77282
0.0163253 0.864451
0.0207948 0.655922
0.0182389 0.358776
0.0171608 0.57296
0.0212588 0.931025
0.0208995 0.248553
0.0196687 0.599331
0.0194086 0.545814
0.0194064 0.496587
0.0195255 0.748211
0.0195115 0.842479
0.0221299 0.814077
0.0233148 0.728485
0.0214574 0.472842
0.0233912 0.987956
0.0276368 0.582578
0.0237286 1.14798
0.0250516 1.24451
0.0293209 1.03486
0.0247556 0.57296
0.0253231 0.919266
0.0278763 0.57296
0.0269605 0.57296
0.0255184 0.765042
0.0280632 0.280757
0.0292009 0.996901
0.0290374 1.13569
0.0302547 0.702276
0.0325747 0.57296
0.029695 0.889338
0.028273 0.418911
0.0311631 1.09116
0.0284587 0.734492
0.0269399 0.533526
0.0276033 1.11407
0.0275708 0.326896
0.0276474 0.298209
0.0280818 0.57296
0.0279465 1.06501
0.0270676 1.16252
0.02718 0.57296
0.0281798 0.612339
0.0278746 0.652229
0.0291399 1.1819
0.0277278 0.414952
0.0276644 0.849266
0.0295122 1.13977
0.015777 0.639665
0.0175571 0.898662
0.0166119 0.365716
0.0174589 1.11976
0.0195978 0.57296
0.0148149 0.327482
0.0174408 0.859485
0.0213019 0.57296
0.0180685 0.57296
0.0160592 1.18513
0.0244579 0.57296
0.0176872 0.436811
0.0159239 0.606563
0.0228422 0.836096
0.0179512 0.860092
0.0164547 0.404473
0.020962 0.57296
0.0167285 0.66028
0.0159984 0.590918
0.0189672 0.57296
0.0152664 0.57296
0.0164221 1.06632
0.0173954 0.605439
0.0149398 0.547467
0.0163254 0.620452
0.0135762 0.70998
0.0152943 1.18251
0.015582 0.57296
0.0160906 0.303088
0.0147934 0.705421
0.0168245 0.448883
0.0126952 0.880833
0.0151945 0.795404
0.016949 0.0990882
0.0146674 0.57296
0.0146474 0.57296
0.0171649 0.57296
0.0179112 0.458959
0.0133311 0.57296
0.017387 0.57296
0.0163836 0.206317
0.0162232 0.159425
0.0164416 0.959249
0.0178416 0.57296
0.0156983 0.57296
0.0174625 0.9672
0.0190021 0.57296
0.0162731 0.57296
0.0154912 0.442258
0.0209613 0.460995
0.00869047 0.57296
0.00997999 0.57296
0.00623827 0.690769
0.0122279 0.791595
0.00854047 1.11223
0.0067899 1.0186
0.00984084 0.785564
0.00987663 0.81669
0.00733384 0.732274
0.00783301 0.57296
0.00860543 0.712686
0.005694 0.656994
0.00634542 0.409791
0.00868328 0.57296
0.00475117 0.57296
0.00493142 0.704187
0.0141001 0.52036
0.00678775 0.969996
0.0067563 0.57296
0.0123382 0.720678
0.00696299 0.57296
0.00803904 0.22825
0.0143317 0.826878
0.0106323 0.57296
0.0118096 0.57296
0.017201 1.17689
0.0108927 0.57296
0.0163803 0.729288
0.0193096 0.57296
0.0135123 0.57296
0.00938867 0.57296
0.0188809 0.57296
0.0111226 0.796606
0.00783711 0.685819
0.0131186 0.760365
0.0108892 0.75075
0.00822127 0.57296
0.0122127 1.07188
0.013764 0.479616
0.00650388 0.57296
0.00900506 0.345859
0.00922978 0.805437
0.00677486 0.57296
0.0054804 0.57296
0.0117828 0.57296
0.00634206 0.997367
0.00581796 0.507628
0.0105915 0.916038
0.00599004 0.595288
0.00403399 0.975733
0.00542462 1.04277
0.00640857 0.868467
0.00568239 0.926775
0.00725904 0.65465
0.00159399 0.57296
0.00646631 0.57296
0.00847787 0.57296
0.00399464 0.57296
0.00754934 0.57296
0.00997907 0.57296
0.00341616 0.274569
0.00916339 0.578732
0.00668594 0.57296
0.010738 0.603618
0.00869372 0.820767
0.011608 0.57296
0.0107126 0.42582
0.0102774 0.57296
0.010456 0.28451
0.0124122 0.710857
0.00977955 0.622459
0.011384 0.713105
0.014698 0.57296
0.0111615 0.247183
0.0104245 0.57296
0.0144134 0.57296
0.0116061 0.344814
0.0110276 0.972595
0.0152841 1.02384
0.0112677 0.76515
0.0116811 0.57296
0.0169852 0.57296
0.0133141 0.923182
0.017295 0.57296
0.0166715 0.57296
0.0183581 0.57296
0.0201717 0.618248
0.0213228 0.298997
0.0236757 0.841419
0.0241688 0.0816709
0.025008 0.0609103
0.0264091 0.681112
0.0267596 0.385215
0.0276324 0.57296
0.0276916 0.57296
0.029688 1.03542
0.0288895 0.905383
0.0277351 1.04441
0.0271706 0.528607
0.0269854 0.57296
0.0112858 0.57296
0.00677806 0.57296
0.00652109 0.54544
0.00749434 0.90748
0.00828621 0.217525
0.0120371 0.250355
0.00631437 0.406091
0.00858385 0.528596
0.0121325 0.57296
0.00859048 0.57296
0.0153598 0.291002
0.0174026 0.57296
0.00960459 1.00345
0.0200387 0.793161
0.0173041 1.10773
0.0155616 0.222618
0.00773467 0.57296
0.0149719 0.57296
0.016384 0.57296
0.0141456 0.628604
0.0194269 0.57296
0.0150034 0.938353
0.0196822 0.489396
0.021486 0.57296
0.015177 1.23752
0.0216518 1.09289
0.0241799 0.57296
0.0165555 0.57296
0.0215576 0.506076
0.0206439 0.57296
0.0136577 0.57296
0.0176948 1.00768
0.0181045 0.57296
0.0118254 0.57296
0.0190785 0.717342
0.0184424 0.805932
0.013923 0.57296
0.0208013 139.885
